meld_meta_stats
{1: {'mean_ites': [912.640164949531, 881.927318102193, 896.3202957383576, 942.1833092000492, 940.6608654006137, 1010.0370252511876, 934.3431406762527, 890.8867122515559, 940.4267929345564, 915.6666867197164], 'mean_ranks': [9.950186799501868, 9.357692307692307, 9.456185567010309, 9.326451612903226, 9.048429319371728, 9.2, 9.445292620865139, 9.391194968553458, 9.352864583333334, 9.167733674775928], 'mean_cits': [7.151916173289728, 7.275657139691298, 7.258232458973089, 7.355134336760291, 7.330877311045046, 7.151668084421034, 7.119333249632475, 7.06670205398358, 7.412960972925932, 7.087173044592386], 'mean_waste': [0.197, 0.22, 0.224, 0.225, 0.236, 0.215, 0.214, 0.205, 0.232, 0.219]}, 0.8: {'mean_ites': [937.9683085323844, 903.3600036143814, 853.0795955057582, 910.733445470424, 904.7354035203053, 911.7869701665053, 975.5171626211526, 884.7658403281449, 890.9658304859694, 942.1996145494733], 'mean_ranks': [9.194842406876791, 9.153737658674189, 8.642149929278641, 9.357039187227867, 9.055152394775035, 9.079831932773109, 9.018335684062059, 8.48575712143928, 9.242120343839542, 8.608089260808926], 'mean_cits': [8.390582048554052, 8.201631255104468, 7.983400402869671, 8.49209010251876, 8.359233328132245, 8.03124414469524, 8.121569583062241, 8.654152964702257, 8.264009214260769, 7.833286865030835], 'mean_waste': [0.302, 0.291, 0.293, 0.311, 0.311, 0.286, 0.291, 0.333, 0.302, 0.283]}, 0.9: {'mean_ites': [901.3859643023508, 858.1627036248716, 1035.0660748776252, 971.0117487396438, 960.3330691863529, 916.2966660458449, 864.7873266921571, 862.7951073486335, 932.7931891667764, 872.9638709115203], 'mean_ranks': [9.309041835357625, 8.93324250681199, 9.266311584553929, 9.136798905608755, 9.361643835616439, 9.459239130434783, 9.952506596306069, 9.317503392130257, 9.119891008174386, 9.556005398110662], 'mean_cits': [7.741440976582518, 7.769160035607732, 7.582250829598641, 7.900921865062548, 7.918911342859011, 7.920058752169065, 7.862244649565348, 7.888178351071032, 7.852270804185158, 7.829117199227316], 'mean_waste': [0.259, 0.266, 0.249, 0.269, 0.27, 0.264, 0.242, 0.263, 0.266, 0.259]}, 1.1: {'mean_ites': [988.7729052421295, 1019.9544008233738, 983.1752317901548, 988.2090443506789, 950.0994632404442, 869.6214716059831, 937.2495985609232, 915.7051739013747, 982.5460872345334, 915.9994746853556], 'mean_ranks': [9.61251504211793, 9.103864734299517, 10.038740920096853, 9.908101571946796, 9.672963400236128, 9.820388349514563, 9.247883917775091, 9.282926829268293, 9.504191616766468, 9.879858657243815], 'mean_cits': [6.7922424567071324, 6.689957258665654, 6.973144965495764, 6.826009977344874, 6.539662598348168, 6.892993709551012, 6.6267132501162616, 6.730302852394539, 6.61872290563297, 6.574476349776099], 'mean_waste': [0.169, 0.172, 0.174, 0.173, 0.153, 0.176, 0.173, 0.18, 0.165, 0.151]}, 1.2: {'mean_ites': [896.4247113381758, 983.8225650737974, 962.2288630232441, 974.7787554910905, 906.8693254652918, 974.9736976538069, 962.4379416554344, 946.5361306433892, 1028.1162475710273, 963.8670263420169], 'mean_ranks': [9.713780918727915, 9.055621301775147, 9.273988439306358, 8.94131455399061, 9.370892018779342, 9.454225352112676, 9.595375722543352, 9.274021352313166, 9.050175029171529, 9.478513356562138], 'mean_cits': [6.4871779282010005, 6.324407510014475, 6.145424541992482, 6.14124693385454, 6.352341979390412, 6.291041368030892, 6.22926195426399, 6.387584969935606, 6.3030404921977405, 6.236058861477969], 'mean_waste': [0.151, 0.155, 0.135, 0.148, 0.148, 0.148, 0.135, 0.157, 0.143, 0.139]}}

meldna_meta_stats
{1: {'mean_ites': [961.6296122779167, 958.7724126465013, 912.6882253510547, 945.2347967836987, 887.5420525805305, 909.6563690365623, 991.2847600690039, 905.5559780493411, 988.4708741924712, 933.7376533648493], 'mean_ranks': [9.541176470588235, 9.66797385620915, 9.505791505791505, 9.736636245110821, 9.178756476683938, 9.80516129032258, 9.718709677419355, 10.475949367088608, 9.690196078431372, 9.34411384217335], 'mean_cits': [7.450781409994885, 7.560553201122729, 7.280810104411266, 7.598340919465469, 7.23295259111681, 7.332756383446929, 7.310984043384322, 7.498505155926121, 7.448152981554196, 7.203373221301429], 'mean_waste': [0.235, 0.235, 0.223, 0.233, 0.228, 0.225, 0.225, 0.21, 0.235, 0.227]}, 0.8: {'mean_ites': [910.0867390266654, 913.6082018693409, 955.1351700101056, 973.5999053496274, 1012.6942124220077, 960.5479420921986, 909.4494264832649, 884.2079352202833, 975.7205077319402, 958.9689663892038], 'mean_ranks': [8.985855728429986, 9.469187675070028, 9.083916083916083, 8.925035360678924, 8.517341040462428, 9.456011730205278, 10.166204986149584, 9.348314606741573, 9.64102564102564, 9.545070422535211], 'mean_cits': [8.020273561839215, 8.109970347827591, 8.066835350530557, 8.068103510270614, 8.134796876460317, 8.468332051438423, 8.185842617062223, 8.096036616967332, 8.359363327764457, 8.294529741467867], 'mean_waste': [0.293, 0.286, 0.285, 0.293, 0.308, 0.318, 0.278, 0.288, 0.298, 0.29]}, 0.9: {'mean_ites': [1028.4020168670222, 946.0849902240619, 839.4376358552091, 977.424979400576, 1026.7886697528795, 971.7968208641641, 900.858379135117, 978.0154353864212, 914.2578155664754, 931.609768327069], 'mean_ranks': [8.814814814814815, 9.546811397557667, 9.421265141318978, 9.130737134909596, 9.694594594594594, 9.06555090655509, 9.090534979423868, 9.233378561736771, 9.35800807537012, 9.267663043478262], 'mean_cits': [7.770476624626809, 7.759197102361951, 7.79282962050276, 7.925085512723807, 7.865127404809379, 7.975268914720358, 7.8895954497878735, 7.620009828662769, 7.7084323554927705, 7.842454639854317], 'mean_waste': [0.271, 0.263, 0.257, 0.281, 0.26, 0.283, 0.271, 0.263, 0.257, 0.264]}, 1.1: {'mean_ites': [869.6851492770699, 997.1962204916271, 1014.239907534551, 860.3017193329628, 948.9121837256806, 1007.9466026192804, 874.6000724571309, 932.2284775391659, 961.1752976205612, 1009.8484048370093], 'mean_ranks': [9.478960396039604, 9.61604938271605, 9.761336515513127, 9.67940813810111, 9.36612702366127, 9.601234567901235, 9.41375, 10.260817307692308, 9.827417380660954, 9.712895377128953], 'mean_cits': [6.846728843801877, 6.921904021236002, 6.7637723199226105, 6.842310372772416, 6.88594788399105, 6.902038949923385, 6.9703615809586665, 6.7417243906312505, 6.826818742251688, 6.794495696963003], 'mean_waste': [0.192, 0.19, 0.162, 0.189, 0.197, 0.19, 0.2, 0.168, 0.183, 0.178]}, 1.2: {'mean_ites': [968.3165775614812, 1086.5831519340068, 1023.004905423164, 955.2769868840597, 998.4263286809723, 981.141945207837, 979.7997101095431, 1002.3553620022454, 956.3960575467389, 938.2920064870206], 'mean_ranks': [9.188967136150234, 9.503597122302159, 10.092397660818714, 9.367612293144209, 9.311551925320886, 8.945664739884393, 10.141695702671312, 10.038686987104338, 9.487089201877934, 9.880093131548312], 'mean_cits': [6.225694143861773, 6.505774115001162, 6.581006730242347, 6.335624447613554, 6.177630196253553, 5.992458927553967, 6.552193353528955, 6.586952924689678, 6.301130791085346, 6.353974372458518], 'mean_waste': [0.148, 0.166, 0.145, 0.154, 0.143, 0.135, 0.139, 0.147, 0.148, 0.141]}}

maxacc_meta_stats
{1: {'mean_ites': [1058.394656737246, 1087.4017115516308, 1135.7875137646163, 1059.9715167757454, 1109.3388458496347, 1100.7429316975272, 1038.0250518438677, 1157.0450157424496, 1107.615710549512, 1121.846652341291], 'mean_ranks': [2.4078341013824884, 2.459837019790454, 2.6235154394299287, 2.521486643437863, 2.5540229885057473, 2.5679156908665104, 2.2595693779904304, 2.336426914153132, 2.25089605734767, 2.357981220657277], 'mean_cits': [5.186219592027514, 5.163925643511219, 5.587590182185725, 5.180004097794292, 5.201528005727173, 5.357628966599876, 5.5150151882854495, 5.143401635709857, 5.49970271842789, 5.437564296353808], 'mean_waste': [0.132, 0.141, 0.158, 0.139, 0.13, 0.146, 0.164, 0.138, 0.163, 0.148]}, 0.8: {'mean_ites': [1080.295595946759, 1081.0159897243839, 1079.9977550013482, 1093.7990110512449, 1073.0403383480582, 1164.8668423158417, 1124.2522364840077, 1080.0439926185247, 1070.0926677087261, 973.8417659737422], 'mean_ranks': [2.224844720496894, 1.9116915422885572, 1.98625, 2.011002444987775, 1.9073170731707316, 2.004932182490752, 1.9657701711491442, 2.024390243902439, 2.2531172069825436, 2.3452970297029703], 'mean_cits': [6.009223214624959, 5.980987459227327, 5.97126187387626, 5.640248753032468, 5.613064334203202, 5.76266066037612, 5.683689732452404, 5.729613501491427, 6.262728815775059, 6.096056353232187], 'mean_waste': [0.195, 0.196, 0.2, 0.182, 0.18, 0.189, 0.182, 0.18, 0.198, 0.192]}, 0.9: {'mean_ites': [1080.4259668391342, 1040.5269945908271, 1074.7645222928907, 973.0360701434334, 1133.301157250256, 1094.1170952693774, 1077.6564832270108, 1065.6307980387248, 1125.5083339311145, 1087.618858302761], 'mean_ranks': [2.130966952264382, 2.106925880923451, 2.3954599761051374, 2.2890243902439025, 2.1746031746031744, 2.303886925795053, 2.1391625615763545, 2.1533888228299642, 2.3045023696682465, 2.2119760479041917], 'mean_cits': [5.8604768515799215, 5.609674906514921, 5.558992126051288, 5.810418943912367, 5.8013455037870685, 5.311345886249531, 5.799395252075832, 5.4757470986650905, 5.442221655754595, 5.450474015866529], 'mean_waste': [0.183, 0.177, 0.163, 0.18, 0.181, 0.151, 0.188, 0.159, 0.156, 0.165]}, 1.1: {'mean_ites': [1067.1609279162287, 1030.0250750190455, 1097.855267552792, 1102.376149786892, 1134.9605278667711, 1096.365379956112, 1053.8166254455648, 1043.943394545484, 1115.185149751184, 1027.990732959261], 'mean_ranks': [2.865740740740741, 2.7011363636363637, 3.0418552036199094, 2.8704784130688448, 2.5984162895927603, 3.046538024971623, 2.786363636363636, 2.8304891922639364, 2.376294591484465, 2.796127562642369], 'mean_cits': [5.27998104204893, 5.0468183316940225, 5.094311952798532, 5.3807790097668144, 4.975961111507888, 5.101547499105529, 5.096017602034526, 5.219693911017053, 5.078249810202121, 5.224293182310908], 'mean_waste': [0.136, 0.12, 0.116, 0.143, 0.116, 0.119, 0.12, 0.121, 0.131, 0.122]}, 1.2: {'mean_ites': [1072.0242711791884, 1045.0741503076567, 1197.7275549535557, 977.883917678675, 1032.314984461928, 1090.1969621415626, 1046.6277042786446, 1073.5703918272343, 1087.728350653346, 1102.2833214347302], 'mean_ranks': [3.2042410714285716, 3.170045045045045, 2.691547749725576, 3.6688668866886687, 3.2571103526734926, 3.3626251390433817, 3.230512249443207, 3.5486725663716814, 2.9091928251121075, 3.3411633109619685], 'mean_cits': [4.9924769434474365, 5.127475950276086, 4.640820640992669, 5.06197257174276, 5.253698649614544, 5.16469123413887, 4.993593334869478, 5.000807270268333, 4.900572988386929, 5.049879638672657], 'mean_waste': [0.104, 0.112, 0.089, 0.091, 0.121, 0.101, 0.102, 0.096, 0.108, 0.106]}}

mintime_meta_stats
{1: {'mean_ites': [695.8705587160523, 646.0453755135313, 732.2414573063538, 656.3562018638003, 652.6653802134224, 652.9665928986616, 633.3918094934786, 741.3527347817546, 753.814049622826, 682.0121284284962], 'mean_ranks': [26.20754716981132, 25.661406025824963, 26.38930163447251, 26.332369942196532, 25.086764705882352, 25.775, 25.8, 27.662337662337663, 25.74962962962963, 26.11259259259259], 'mean_cits': [10.636158968429553, 10.442162638645744, 10.786786010479638, 10.750273479117364, 10.504147018662167, 10.545655155512838, 10.471722050346504, 10.997346872039785, 10.63599851940685, 10.678389907970384], 'mean_waste': [0.311, 0.303, 0.327, 0.308, 0.32, 0.32, 0.3, 0.307, 0.325, 0.325]}, 0.8: {'mean_ites': [519.068907085039, 607.3031496084843, 664.0771625936167, 634.3765005860729, 594.4593922507712, 574.0703819086981, 610.4220774438147, 681.7429935998871, 621.101999907895, 600.1928830729704], 'mean_ranks': [29.01669758812616, 28.53306613226453, 29.294455066921607, 29.91362763915547, 28.36862745098039, 29.142307692307693, 28.040618955512574, 28.436672967863895, 28.78585086042065, 27.75049900199601], 'mean_cits': [12.50908065083657, 12.810487522769982, 12.931770857657762, 12.934337598618463, 12.720770607817874, 12.863032625606804, 12.646467431109237, 12.45877569462284, 12.745923054856174, 12.764879867778077], 'mean_waste': [0.461, 0.501, 0.477, 0.479, 0.49, 0.48, 0.483, 0.471, 0.477, 0.499]}, 0.9: {'mean_ites': [551.8298619946181, 624.8561786347225, 634.8706777262416, 571.2300376647137, 617.7501865372074, 719.2320066383515, 604.1389844192621, 626.9364536550802, 586.6867682553927, 547.9929869219986], 'mean_ranks': [26.86115702479339, 28.697865353037766, 27.287625418060202, 27.80730897009967, 27.643097643097644, 26.814113597246127, 27.54294975688817, 28.408783783783782, 27.79935275080906, 27.254637436762227], 'mean_cits': [11.539407367195487, 11.862513872491512, 11.710508914979325, 11.874827983179541, 11.784535573008087, 11.718784006390228, 11.516561402079434, 11.723865285348555, 11.67981035706174, 11.754597424375067], 'mean_waste': [0.395, 0.391, 0.402, 0.398, 0.406, 0.419, 0.383, 0.408, 0.382, 0.407]}, 1.1: {'mean_ites': [702.1870157089222, 702.8562474934146, 775.9396857663311, 670.1323540892765, 689.2851422685437, 620.470533965947, 604.4635401365423, 737.0726644222317, 745.8505278773581, 748.5165417812301], 'mean_ranks': [23.481781376518217, 23.92296918767507, 23.483221476510067, 23.866935483870968, 24.60622462787551, 24.4190093708166, 23.636243386243386, 24.722875816993465, 23.09305373525557, 23.323886639676115], 'mean_cits': [9.451922881789992, 9.870103790125127, 9.49229260175103, 9.486996770868547, 9.724159753635643, 9.550963238320664, 9.461657104893591, 9.532867667820545, 9.198141787301587, 9.658601863504112], 'mean_waste': [0.259, 0.286, 0.255, 0.256, 0.261, 0.253, 0.244, 0.235, 0.237, 0.259]}, 1.2: {'mean_ites': [712.7670744366447, 700.0001820640434, 817.926528693757, 744.1205349977151, 778.6469241795426, 738.9285082674859, 742.7256033203895, 736.1397598251409, 777.1900875140925, 790.1017733255949], 'mean_ranks': [23.113065326633166, 22.56045340050378, 22.50121951219512, 22.678966789667896, 22.891727493917276, 22.117866004962778, 21.37468982630273, 21.700992555831267, 22.21766169154229, 21.644963144963146], 'mean_cits': [8.826093606971742, 8.616211707579787, 8.562818555391427, 8.585172092611941, 8.598938063715956, 8.55744174800056, 8.207603596496464, 8.405457112189444, 8.531318211320944, 8.250862397978349], 'mean_waste': [0.204, 0.206, 0.18, 0.187, 0.178, 0.194, 0.194, 0.194, 0.196, 0.186]}}

TB_meta_stats
{1: {'mean_ites': [3509.826764618026, 3358.7013229397226, 3410.9208745375345, 3484.368075980341, 3312.12340249294, 3499.0442984946444, 3374.643641313828, 3442.6874052265243, 3469.1830514161707, 3432.726332360927], 'mean_ranks': [9.661082474226804, 10.146496815286625, 9.751928020565552, 9.711842105263157, 10.259165613147914, 9.517786561264822, 9.987080103359173, 9.763124199743919, 9.601572739187418, 10.204896907216495], 'mean_cits': [7.366582550477488, 7.4592392694703795, 7.2979858864955585, 7.588701246616305, 7.3995123995806225, 7.48913152518061, 7.469656111469252, 7.317245663823341, 7.4838708462835015, 7.530530168806581], 'mean_waste': [0.224, 0.215, 0.222, 0.24, 0.209, 0.241, 0.226, 0.219, 0.237, 0.224]}, 0.8: {'mean_ites': [3379.7156632184933, 3480.2410081635053, 3609.8247508269906, 3505.8414589839963, 3690.776332128933, 3685.401998575819, 3599.4755999468643, 3526.260339127145, 3538.9046003437393, 3660.314601070547], 'mean_ranks': [9.619392185238784, 9.421897810218978, 8.482758620689655, 9.514978601997147, 8.603603603603604, 8.639416058394161, 8.943536404160476, 9.531073446327683, 9.291193181818182, 9.11723163841808], 'mean_cits': [8.524544391036402, 8.53033799760394, 8.519140368231309, 8.245071357058354, 8.486279120298262, 8.217262982937951, 8.479931311840957, 8.20636816529233, 8.148921259346725, 7.941273497196312], 'mean_waste': [0.309, 0.315, 0.333, 0.299, 0.334, 0.315, 0.327, 0.292, 0.296, 0.292]}, 0.9: {'mean_ites': [3482.782248588685, 3505.7580572803213, 3515.6124288518536, 3427.312044242967, 3475.085999563387, 3485.7856896928593, 3488.1375476981043, 3527.020537989098, 3596.8746356691277, 3317.7413363386313], 'mean_ranks': [10.12618724559023, 9.564986737400531, 9.255944055944056, 9.384303112313937, 9.402721088435374, 9.608930987821381, 9.765840220385675, 9.620498614958448, 9.637860082304528, 10.56267029972752], 'mean_cits': [8.028000977044798, 7.564030330741947, 8.019989798623271, 7.786065650039581, 7.756807800483662, 7.830658970026386, 7.990505061818236, 8.003764724698136, 7.831002279269849, 8.069496255285507], 'mean_waste': [0.263, 0.246, 0.285, 0.261, 0.265, 0.261, 0.274, 0.278, 0.271, 0.266]}, 1.1: {'mean_ites': [3489.376213381529, 3469.2307758626994, 3515.4706284159715, 3412.7810864711887, 3394.8762310765596, 3413.193070651351, 3444.8608457627142, 3369.7940067755726, 3492.677181254315, 3607.1242755606877], 'mean_ranks': [9.924297924297925, 10.05609756097561, 9.652281134401973, 10.075965130759652, 10.060075093867335, 9.974137931034482, 10.001225490196079, 10.074572127139364, 9.678876678876678, 9.474406991260924], 'mean_cits': [6.763217907916333, 6.871719009498975, 6.821315599463636, 7.103845866877685, 7.201304051276192, 6.880780692076996, 6.902022898832103, 6.899103720027901, 6.745977130771079, 7.016929930271822], 'mean_waste': [0.181, 0.18, 0.189, 0.197, 0.201, 0.188, 0.184, 0.182, 0.181, 0.199]}, 1.2: {'mean_ites': [3492.658929568575, 3418.9939603970274, 3392.9947632882117, 3487.8304483896036, 3511.663896678538, 3525.7553634241144, 3558.7706025841994, 3469.6494051249333, 3572.1508163410067, 3399.184504809333], 'mean_ranks': [10.062206572769954, 9.934272300469484, 9.958188153310104, 9.797647058823529, 9.537209302325582, 9.76678445229682, 9.530878859857483, 9.62382075471698, 9.528994082840237, 10.64319248826291], 'mean_cits': [6.379090863868532, 6.384512120880203, 6.386354424976245, 6.394239975756735, 6.2176455846396745, 6.414781308687186, 6.438312007814847, 6.469814682230426, 6.376388389298159, 6.6643651546925895], 'mean_waste': [0.148, 0.148, 0.139, 0.15, 0.14, 0.151, 0.158, 0.152, 0.155, 0.148]}}

DYNA_meta_stats
{1: {'mean_ites': [3499.5891271337277, 3473.2087837841095, 3373.630569274871, 3379.8869858157586, 3489.5378169847195, 3715.6889830921987, 3475.2160280433773, 3546.1960045725896, 3501.100757909542, 3698.5988900516463], 'mean_ranks': [7.698870765370138, 8.144853875476493, 8.255696202531645, 7.6404066073697585, 7.890463917525773, 7.197201017811705, 7.87593984962406, 7.410553410553411, 7.723700887198986, 7.2811296534017975], 'mean_cits': [6.726969900841578, 6.992657074645875, 6.953807044382116, 6.975256144419145, 7.155030135723354, 6.711677676431951, 6.8876985807650435, 6.9461059794526685, 6.940795402405806, 6.815904750313595], 'mean_waste': [0.203, 0.213, 0.21, 0.213, 0.224, 0.214, 0.202, 0.223, 0.211, 0.221]}, 0.8: {'mean_ites': [3614.0096094632167, 3550.6062402880893, 3574.622974414877, 3604.6203035242256, 3590.7862877397715, 3533.9372004995594, 3613.0931376826406, 3405.6457359649303, 3684.6193003353237, 3653.824324648438], 'mean_ranks': [7.156077348066298, 7.2217573221757325, 7.379457917261056, 7.102240896358543, 6.845827439886846, 7.164992826398852, 7.102777777777778, 7.894594594594595, 7.076071922544951, 6.844011142061281], 'mean_cits': [7.561962957114236, 7.765050224911297, 7.879876892815626, 7.627915742364114, 7.642860521210287, 8.026736033458908, 7.581340651581598, 7.494562210770279, 7.412371410617037, 7.540974085398451], 'mean_waste': [0.276, 0.283, 0.299, 0.286, 0.293, 0.303, 0.28, 0.26, 0.277, 0.282]}, 0.9: {'mean_ites': [3376.11305521408, 3448.3612880760584, 3539.2411177493705, 3588.7457784043268, 3518.617388660443, 3596.439716252841, 3470.388284891517, 3644.2381188490986, 3398.1044076608923, 3655.102363580555], 'mean_ranks': [7.849604221635884, 8.00260078023407, 7.46524064171123, 7.484522207267833, 7.761455525606469, 7.4587765957446805, 7.923884514435696, 6.640268456375839, 7.554973821989528, 6.940217391304348], 'mean_cits': [7.41145566491316, 7.227261463986141, 7.2579839946680496, 7.3856132694757894, 7.51180889958195, 7.236072670467383, 7.272550714565665, 7.149923221017221, 7.20654640803566, 7.3231278838147755], 'mean_waste': [0.242, 0.231, 0.252, 0.257, 0.258, 0.248, 0.238, 0.255, 0.236, 0.264]}, 1.1: {'mean_ites': [3564.549702305375, 3548.9871786153917, 3517.204261796454, 3541.246350759832, 3445.01686125954, 3559.0530923630954, 3577.439757988173, 3494.3020626573634, 3550.5424847734225, 3508.323911548781], 'mean_ranks': [7.726723095525998, 7.667910447761194, 8.125452352231605, 7.567272727272727, 8.355529131985731, 7.613608748481166, 7.291666666666667, 7.87409200968523, 8.121103117505996, 8.173652694610778], 'mean_cits': [6.375348388122747, 6.615647186946618, 6.427519709301578, 6.370242725354029, 6.386982325750435, 6.401030011537374, 6.468818161242099, 6.437042611769515, 6.358803998162178, 6.289231273182773], 'mean_waste': [0.173, 0.196, 0.171, 0.175, 0.159, 0.177, 0.184, 0.174, 0.166, 0.165]}, 1.2: {'mean_ites': [3656.299804478413, 3530.762005714693, 3527.4675723060936, 3481.8035964317405, 3424.06819791614, 3485.2556543469796, 3436.2288813385885, 3522.321265638916, 3624.0943692828546, 3636.128361818266], 'mean_ranks': [7.576878612716763, 8.312572087658593, 7.685290763968073, 8.135476463834673, 7.9988399071925755, 8.035128805620609, 8.085846867749419, 7.987442922374429, 7.824682814302191, 8.09953161592506], 'mean_cits': [5.771563625614956, 6.001163871959767, 5.687727523768321, 5.963894365696245, 5.992646511081899, 6.1627580752675994, 6.045064875360858, 5.8595553272374605, 5.871177486317664, 6.037199775300549], 'mean_waste': [0.135, 0.133, 0.123, 0.129, 0.138, 0.146, 0.138, 0.124, 0.133, 0.146]}}

DYNAMITE 
{'mean ITE': [3593.5987288080255, 3597.685798997242, 3662.1427058675436, 3588.6534496590157, 3651.7669607870716, 3502.5116013534303, 3535.622394596052, 3520.6475148070735, 3534.1623670974886, 3633.4780225881373], 'mean rank': [8.051020408163266, 7.546284224250326, 7.32166018158236, 7.752880921895007, 7.722007722007722, 7.930379746835443, 8.174582798459564, 8.14179104477612, 8.129820051413882, 7.983247422680412], 'mean cits': [6.950175797465899, 7.052327453166141, 7.0214132687972475, 6.949813455059224, 6.992556747051674, 6.932890852412749, 7.2255323121838355, 6.79607277512371, 7.131312129415996, 7.029042626719096], 'mean waste': [0.216, 0.233, 0.229, 0.219, 0.223, 0.21, 0.221, 0.196, 0.222, 0.224]}








{'MELD': {1: {'mean_ites': [912.640164949531, 881.927318102193, 896.3202957383576, 942.1833092000492, 940.6608654006137, 1010.0370252511876, 934.3431406762527, 890.8867122515559, 940.4267929345564, 915.6666867197164], 'mean_ranks': [9.950186799501868, 9.357692307692307, 9.456185567010309, 9.326451612903226, 9.048429319371728, 9.2, 9.445292620865139, 9.391194968553458, 9.352864583333334, 9.167733674775928], 'mean_cits': [7.151916173289728, 7.275657139691298, 7.258232458973089, 7.355134336760291, 7.330877311045046, 7.151668084421034, 7.119333249632475, 7.06670205398358, 7.412960972925932, 7.087173044592386], 'mean_waste': [0.197, 0.22, 0.224, 0.225, 0.236, 0.215, 0.214, 0.205, 0.232, 0.219]}, 0.8: {'mean_ites': [937.9683085323844, 903.3600036143814, 853.0795955057582, 910.733445470424, 904.7354035203053, 911.7869701665053, 975.5171626211526, 884.7658403281449, 890.9658304859694, 942.1996145494733], 'mean_ranks': [9.194842406876791, 9.153737658674189, 8.642149929278641, 9.357039187227867, 9.055152394775035, 9.079831932773109, 9.018335684062059, 8.48575712143928, 9.242120343839542, 8.608089260808926], 'mean_cits': [8.390582048554052, 8.201631255104468, 7.983400402869671, 8.49209010251876, 8.359233328132245, 8.03124414469524, 8.121569583062241, 8.654152964702257, 8.264009214260769, 7.833286865030835], 'mean_waste': [0.302, 0.291, 0.293, 0.311, 0.311, 0.286, 0.291, 0.333, 0.302, 0.283]}, 0.9: {'mean_ites': [901.3859643023508, 858.1627036248716, 1035.0660748776252, 971.0117487396438, 960.3330691863529, 916.2966660458449, 864.7873266921571, 862.7951073486335, 932.7931891667764, 872.9638709115203], 'mean_ranks': [9.309041835357625, 8.93324250681199, 9.266311584553929, 9.136798905608755, 9.361643835616439, 9.459239130434783, 9.952506596306069, 9.317503392130257, 9.119891008174386, 9.556005398110662], 'mean_cits': [7.741440976582518, 7.769160035607732, 7.582250829598641, 7.900921865062548, 7.918911342859011, 7.920058752169065, 7.862244649565348, 7.888178351071032, 7.852270804185158, 7.829117199227316], 'mean_waste': [0.259, 0.266, 0.249, 0.269, 0.27, 0.264, 0.242, 0.263, 0.266, 0.259]}, 1.1: {'mean_ites': [988.7729052421295, 1019.9544008233738, 983.1752317901548, 988.2090443506789, 950.0994632404442, 869.6214716059831, 937.2495985609232, 915.7051739013747, 982.5460872345334, 915.9994746853556], 'mean_ranks': [9.61251504211793, 9.103864734299517, 10.038740920096853, 9.908101571946796, 9.672963400236128, 9.820388349514563, 9.247883917775091, 9.282926829268293, 9.504191616766468, 9.879858657243815], 'mean_cits': [6.7922424567071324, 6.689957258665654, 6.973144965495764, 6.826009977344874, 6.539662598348168, 6.892993709551012, 6.6267132501162616, 6.730302852394539, 6.61872290563297, 6.574476349776099], 'mean_waste': [0.169, 0.172, 0.174, 0.173, 0.153, 0.176, 0.173, 0.18, 0.165, 0.151]}, 1.2: {'mean_ites': [896.4247113381758, 983.8225650737974, 962.2288630232441, 974.7787554910905, 906.8693254652918, 974.9736976538069, 962.4379416554344, 946.5361306433892, 1028.1162475710273, 963.8670263420169], 'mean_ranks': [9.713780918727915, 9.055621301775147, 9.273988439306358, 8.94131455399061, 9.370892018779342, 9.454225352112676, 9.595375722543352, 9.274021352313166, 9.050175029171529, 9.478513356562138], 'mean_cits': [6.4871779282010005, 6.324407510014475, 6.145424541992482, 6.14124693385454, 6.352341979390412, 6.291041368030892, 6.22926195426399, 6.387584969935606, 6.3030404921977405, 6.236058861477969], 'mean_waste': [0.151, 0.155, 0.135, 0.148, 0.148, 0.148, 0.135, 0.157, 0.143, 0.139]}}, 'MELD-Na': {1: {'mean_ites': [961.6296122779167, 958.7724126465013, 912.6882253510547, 945.2347967836987, 887.5420525805305, 909.6563690365623, 991.2847600690039, 905.5559780493411, 988.4708741924712, 933.7376533648493], 'mean_ranks': [9.541176470588235, 9.66797385620915, 9.505791505791505, 9.736636245110821, 9.178756476683938, 9.80516129032258, 9.718709677419355, 10.475949367088608, 9.690196078431372, 9.34411384217335], 'mean_cits': [7.450781409994885, 7.560553201122729, 7.280810104411266, 7.598340919465469, 7.23295259111681, 7.332756383446929, 7.310984043384322, 7.498505155926121, 7.448152981554196, 7.203373221301429], 'mean_waste': [0.235, 0.235, 0.223, 0.233, 0.228, 0.225, 0.225, 0.21, 0.235, 0.227]}, 0.8: {'mean_ites': [910.0867390266654, 913.6082018693409, 955.1351700101056, 973.5999053496274, 1012.6942124220077, 960.5479420921986, 909.4494264832649, 884.2079352202833, 975.7205077319402, 958.9689663892038], 'mean_ranks': [8.985855728429986, 9.469187675070028, 9.083916083916083, 8.925035360678924, 8.517341040462428, 9.456011730205278, 10.166204986149584, 9.348314606741573, 9.64102564102564, 9.545070422535211], 'mean_cits': [8.020273561839215, 8.109970347827591, 8.066835350530557, 8.068103510270614, 8.134796876460317, 8.468332051438423, 8.185842617062223, 8.096036616967332, 8.359363327764457, 8.294529741467867], 'mean_waste': [0.293, 0.286, 0.285, 0.293, 0.308, 0.318, 0.278, 0.288, 0.298, 0.29]}, 0.9: {'mean_ites': [1028.4020168670222, 946.0849902240619, 839.4376358552091, 977.424979400576, 1026.7886697528795, 971.7968208641641, 900.858379135117, 978.0154353864212, 914.2578155664754, 931.609768327069], 'mean_ranks': [8.814814814814815, 9.546811397557667, 9.421265141318978, 9.130737134909596, 9.694594594594594, 9.06555090655509, 9.090534979423868, 9.233378561736771, 9.35800807537012, 9.267663043478262], 'mean_cits': [7.770476624626809, 7.759197102361951, 7.79282962050276, 7.925085512723807, 7.865127404809379, 7.975268914720358, 7.8895954497878735, 7.620009828662769, 7.7084323554927705, 7.842454639854317], 'mean_waste': [0.271, 0.263, 0.257, 0.281, 0.26, 0.283, 0.271, 0.263, 0.257, 0.264]}, 1.1: {'mean_ites': [869.6851492770699, 997.1962204916271, 1014.239907534551, 860.3017193329628, 948.9121837256806, 1007.9466026192804, 874.6000724571309, 932.2284775391659, 961.1752976205612, 1009.8484048370093], 'mean_ranks': [9.478960396039604, 9.61604938271605, 9.761336515513127, 9.67940813810111, 9.36612702366127, 9.601234567901235, 9.41375, 10.260817307692308, 9.827417380660954, 9.712895377128953], 'mean_cits': [6.846728843801877, 6.921904021236002, 6.7637723199226105, 6.842310372772416, 6.88594788399105, 6.902038949923385, 6.9703615809586665, 6.7417243906312505, 6.826818742251688, 6.794495696963003], 'mean_waste': [0.192, 0.19, 0.162, 0.189, 0.197, 0.19, 0.2, 0.168, 0.183, 0.178]}, 1.2: {'mean_ites': [968.3165775614812, 1086.5831519340068, 1023.004905423164, 955.2769868840597, 998.4263286809723, 981.141945207837, 979.7997101095431, 1002.3553620022454, 956.3960575467389, 938.2920064870206], 'mean_ranks': [9.188967136150234, 9.503597122302159, 10.092397660818714, 9.367612293144209, 9.311551925320886, 8.945664739884393, 10.141695702671312, 10.038686987104338, 9.487089201877934, 9.880093131548312], 'mean_cits': [6.225694143861773, 6.505774115001162, 6.581006730242347, 6.335624447613554, 6.177630196253553, 5.992458927553967, 6.552193353528955, 6.586952924689678, 6.301130791085346, 6.353974372458518], 'mean_waste': [0.148, 0.166, 0.145, 0.154, 0.143, 0.135, 0.139, 0.147, 0.148, 0.141]}}, 'MaxAcc': {1: {'mean_ites': [1058.394656737246, 1087.4017115516308, 1135.7875137646163, 1059.9715167757454, 1109.3388458496347, 1100.7429316975272, 1038.0250518438677, 1157.0450157424496, 1107.615710549512, 1121.846652341291], 'mean_ranks': [2.4078341013824884, 2.459837019790454, 2.6235154394299287, 2.521486643437863, 2.5540229885057473, 2.5679156908665104, 2.2595693779904304, 2.336426914153132, 2.25089605734767, 2.357981220657277], 'mean_cits': [5.186219592027514, 5.163925643511219, 5.587590182185725, 5.180004097794292, 5.201528005727173, 5.357628966599876, 5.5150151882854495, 5.143401635709857, 5.49970271842789, 5.437564296353808], 'mean_waste': [0.132, 0.141, 0.158, 0.139, 0.13, 0.146, 0.164, 0.138, 0.163, 0.148]}, 0.8: {'mean_ites': [1080.295595946759, 1081.0159897243839, 1079.9977550013482, 1093.7990110512449, 1073.0403383480582, 1164.8668423158417, 1124.2522364840077, 1080.0439926185247, 1070.0926677087261, 973.8417659737422], 'mean_ranks': [2.224844720496894, 1.9116915422885572, 1.98625, 2.011002444987775, 1.9073170731707316, 2.004932182490752, 1.9657701711491442, 2.024390243902439, 2.2531172069825436, 2.3452970297029703], 'mean_cits': [6.009223214624959, 5.980987459227327, 5.97126187387626, 5.640248753032468, 5.613064334203202, 5.76266066037612, 5.683689732452404, 5.729613501491427, 6.262728815775059, 6.096056353232187], 'mean_waste': [0.195, 0.196, 0.2, 0.182, 0.18, 0.189, 0.182, 0.18, 0.198, 0.192]}, 0.9: {'mean_ites': [1080.4259668391342, 1040.5269945908271, 1074.7645222928907, 973.0360701434334, 1133.301157250256, 1094.1170952693774, 1077.6564832270108, 1065.6307980387248, 1125.5083339311145, 1087.618858302761], 'mean_ranks': [2.130966952264382, 2.106925880923451, 2.3954599761051374, 2.2890243902439025, 2.1746031746031744, 2.303886925795053, 2.1391625615763545, 2.1533888228299642, 2.3045023696682465, 2.2119760479041917], 'mean_cits': [5.8604768515799215, 5.609674906514921, 5.558992126051288, 5.810418943912367, 5.8013455037870685, 5.311345886249531, 5.799395252075832, 5.4757470986650905, 5.442221655754595, 5.450474015866529], 'mean_waste': [0.183, 0.177, 0.163, 0.18, 0.181, 0.151, 0.188, 0.159, 0.156, 0.165]}, 1.1: {'mean_ites': [1067.1609279162287, 1030.0250750190455, 1097.855267552792, 1102.376149786892, 1134.9605278667711, 1096.365379956112, 1053.8166254455648, 1043.943394545484, 1115.185149751184, 1027.990732959261], 'mean_ranks': [2.865740740740741, 2.7011363636363637, 3.0418552036199094, 2.8704784130688448, 2.5984162895927603, 3.046538024971623, 2.786363636363636, 2.8304891922639364, 2.376294591484465, 2.796127562642369], 'mean_cits': [5.27998104204893, 5.0468183316940225, 5.094311952798532, 5.3807790097668144, 4.975961111507888, 5.101547499105529, 5.096017602034526, 5.219693911017053, 5.078249810202121, 5.224293182310908], 'mean_waste': [0.136, 0.12, 0.116, 0.143, 0.116, 0.119, 0.12, 0.121, 0.131, 0.122]}, 1.2: {'mean_ites': [1072.0242711791884, 1045.0741503076567, 1197.7275549535557, 977.883917678675, 1032.314984461928, 1090.1969621415626, 1046.6277042786446, 1073.5703918272343, 1087.728350653346, 1102.2833214347302], 'mean_ranks': [3.2042410714285716, 3.170045045045045, 2.691547749725576, 3.6688668866886687, 3.2571103526734926, 3.3626251390433817, 3.230512249443207, 3.5486725663716814, 2.9091928251121075, 3.3411633109619685], 'mean_cits': [4.9924769434474365, 5.127475950276086, 4.640820640992669, 5.06197257174276, 5.253698649614544, 5.16469123413887, 4.993593334869478, 5.000807270268333, 4.900572988386929, 5.049879638672657], 'mean_waste': [0.104, 0.112, 0.089, 0.091, 0.121, 0.101, 0.102, 0.096, 0.108, 0.106]}}, 'MinTime': {1: {'mean_ites': [695.8705587160523, 646.0453755135313, 732.2414573063538, 656.3562018638003, 652.6653802134224, 652.9665928986616, 633.3918094934786, 741.3527347817546, 753.814049622826, 682.0121284284962], 'mean_ranks': [26.20754716981132, 25.661406025824963, 26.38930163447251, 26.332369942196532, 25.086764705882352, 25.775, 25.8, 27.662337662337663, 25.74962962962963, 26.11259259259259], 'mean_cits': [10.636158968429553, 10.442162638645744, 10.786786010479638, 10.750273479117364, 10.504147018662167, 10.545655155512838, 10.471722050346504, 10.997346872039785, 10.63599851940685, 10.678389907970384], 'mean_waste': [0.311, 0.303, 0.327, 0.308, 0.32, 0.32, 0.3, 0.307, 0.325, 0.325]}, 0.8: {'mean_ites': [519.068907085039, 607.3031496084843, 664.0771625936167, 634.3765005860729, 594.4593922507712, 574.0703819086981, 610.4220774438147, 681.7429935998871, 621.101999907895, 600.1928830729704], 'mean_ranks': [29.01669758812616, 28.53306613226453, 29.294455066921607, 29.91362763915547, 28.36862745098039, 29.142307692307693, 28.040618955512574, 28.436672967863895, 28.78585086042065, 27.75049900199601], 'mean_cits': [12.50908065083657, 12.810487522769982, 12.931770857657762, 12.934337598618463, 12.720770607817874, 12.863032625606804, 12.646467431109237, 12.45877569462284, 12.745923054856174, 12.764879867778077], 'mean_waste': [0.461, 0.501, 0.477, 0.479, 0.49, 0.48, 0.483, 0.471, 0.477, 0.499]}, 0.9: {'mean_ites': [551.8298619946181, 624.8561786347225, 634.8706777262416, 571.2300376647137, 617.7501865372074, 719.2320066383515, 604.1389844192621, 626.9364536550802, 586.6867682553927, 547.9929869219986], 'mean_ranks': [26.86115702479339, 28.697865353037766, 27.287625418060202, 27.80730897009967, 27.643097643097644, 26.814113597246127, 27.54294975688817, 28.408783783783782, 27.79935275080906, 27.254637436762227], 'mean_cits': [11.539407367195487, 11.862513872491512, 11.710508914979325, 11.874827983179541, 11.784535573008087, 11.718784006390228, 11.516561402079434, 11.723865285348555, 11.67981035706174, 11.754597424375067], 'mean_waste': [0.395, 0.391, 0.402, 0.398, 0.406, 0.419, 0.383, 0.408, 0.382, 0.407]}, 1.1: {'mean_ites': [702.1870157089222, 702.8562474934146, 775.9396857663311, 670.1323540892765, 689.2851422685437, 620.470533965947, 604.4635401365423, 737.0726644222317, 745.8505278773581, 748.5165417812301], 'mean_ranks': [23.481781376518217, 23.92296918767507, 23.483221476510067, 23.866935483870968, 24.60622462787551, 24.4190093708166, 23.636243386243386, 24.722875816993465, 23.09305373525557, 23.323886639676115], 'mean_cits': [9.451922881789992, 9.870103790125127, 9.49229260175103, 9.486996770868547, 9.724159753635643, 9.550963238320664, 9.461657104893591, 9.532867667820545, 9.198141787301587, 9.658601863504112], 'mean_waste': [0.259, 0.286, 0.255, 0.256, 0.261, 0.253, 0.244, 0.235, 0.237, 0.259]}, 1.2: {'mean_ites': [712.7670744366447, 700.0001820640434, 817.926528693757, 744.1205349977151, 778.6469241795426, 738.9285082674859, 742.7256033203895, 736.1397598251409, 777.1900875140925, 790.1017733255949], 'mean_ranks': [23.113065326633166, 22.56045340050378, 22.50121951219512, 22.678966789667896, 22.891727493917276, 22.117866004962778, 21.37468982630273, 21.700992555831267, 22.21766169154229, 21.644963144963146], 'mean_cits': [8.826093606971742, 8.616211707579787, 8.562818555391427, 8.585172092611941, 8.598938063715956, 8.55744174800056, 8.207603596496464, 8.405457112189444, 8.531318211320944, 8.250862397978349], 'mean_waste': [0.204, 0.206, 0.18, 0.187, 0.178, 0.194, 0.194, 0.194, 0.196, 0.186]}}, 'TB': {1: {'mean_ites': [3509.826764618026, 3358.7013229397226, 3410.9208745375345, 3484.368075980341, 3312.12340249294, 3499.0442984946444, 3374.643641313828, 3442.6874052265243, 3469.1830514161707, 3432.726332360927], 'mean_ranks': [9.661082474226804, 10.146496815286625, 9.751928020565552, 9.711842105263157, 10.259165613147914, 9.517786561264822, 9.987080103359173, 9.763124199743919, 9.601572739187418, 10.204896907216495], 'mean_cits': [7.366582550477488, 7.4592392694703795, 7.2979858864955585, 7.588701246616305, 7.3995123995806225, 7.48913152518061, 7.469656111469252, 7.317245663823341, 7.4838708462835015, 7.530530168806581], 'mean_waste': [0.224, 0.215, 0.222, 0.24, 0.209, 0.241, 0.226, 0.219, 0.237, 0.224]}, 0.8: {'mean_ites': [3379.7156632184933, 3480.2410081635053, 3609.8247508269906, 3505.8414589839963, 3690.776332128933, 3685.401998575819, 3599.4755999468643, 3526.260339127145, 3538.9046003437393, 3660.314601070547], 'mean_ranks': [9.619392185238784, 9.421897810218978, 8.482758620689655, 9.514978601997147, 8.603603603603604, 8.639416058394161, 8.943536404160476, 9.531073446327683, 9.291193181818182, 9.11723163841808], 'mean_cits': [8.524544391036402, 8.53033799760394, 8.519140368231309, 8.245071357058354, 8.486279120298262, 8.217262982937951, 8.479931311840957, 8.20636816529233, 8.148921259346725, 7.941273497196312], 'mean_waste': [0.309, 0.315, 0.333, 0.299, 0.334, 0.315, 0.327, 0.292, 0.296, 0.292]}, 0.9: {'mean_ites': [3482.782248588685, 3505.7580572803213, 3515.6124288518536, 3427.312044242967, 3475.085999563387, 3485.7856896928593, 3488.1375476981043, 3527.020537989098, 3596.8746356691277, 3317.7413363386313], 'mean_ranks': [10.12618724559023, 9.564986737400531, 9.255944055944056, 9.384303112313937, 9.402721088435374, 9.608930987821381, 9.765840220385675, 9.620498614958448, 9.637860082304528, 10.56267029972752], 'mean_cits': [8.028000977044798, 7.564030330741947, 8.019989798623271, 7.786065650039581, 7.756807800483662, 7.830658970026386, 7.990505061818236, 8.003764724698136, 7.831002279269849, 8.069496255285507], 'mean_waste': [0.263, 0.246, 0.285, 0.261, 0.265, 0.261, 0.274, 0.278, 0.271, 0.266]}, 1.1: {'mean_ites': [3489.376213381529, 3469.2307758626994, 3515.4706284159715, 3412.7810864711887, 3394.8762310765596, 3413.193070651351, 3444.8608457627142, 3369.7940067755726, 3492.677181254315, 3607.1242755606877], 'mean_ranks': [9.924297924297925, 10.05609756097561, 9.652281134401973, 10.075965130759652, 10.060075093867335, 9.974137931034482, 10.001225490196079, 10.074572127139364, 9.678876678876678, 9.474406991260924], 'mean_cits': [6.763217907916333, 6.871719009498975, 6.821315599463636, 7.103845866877685, 7.201304051276192, 6.880780692076996, 6.902022898832103, 6.899103720027901, 6.745977130771079, 7.016929930271822], 'mean_waste': [0.181, 0.18, 0.189, 0.197, 0.201, 0.188, 0.184, 0.182, 0.181, 0.199]}, 1.2: {'mean_ites': [3492.658929568575, 3418.9939603970274, 3392.9947632882117, 3487.8304483896036, 3511.663896678538, 3525.7553634241144, 3558.7706025841994, 3469.6494051249333, 3572.1508163410067, 3399.184504809333], 'mean_ranks': [10.062206572769954, 9.934272300469484, 9.958188153310104, 9.797647058823529, 9.537209302325582, 9.76678445229682, 9.530878859857483, 9.62382075471698, 9.528994082840237, 10.64319248826291], 'mean_cits': [6.379090863868532, 6.384512120880203, 6.386354424976245, 6.394239975756735, 6.2176455846396745, 6.414781308687186, 6.438312007814847, 6.469814682230426, 6.376388389298159, 6.6643651546925895], 'mean_waste': [0.148, 0.148, 0.139, 0.15, 0.14, 0.151, 0.158, 0.152, 0.155, 0.148]}}, 'DynamITE': {1: {'mean_ites': [3499.5891271337277, 3473.2087837841095, 3373.630569274871, 3379.8869858157586, 3489.5378169847195, 3715.6889830921987, 3475.2160280433773, 3546.1960045725896, 3501.100757909542, 3698.5988900516463], 'mean_ranks': [7.698870765370138, 8.144853875476493, 8.255696202531645, 7.6404066073697585, 7.890463917525773, 7.197201017811705, 7.87593984962406, 7.410553410553411, 7.723700887198986, 7.2811296534017975], 'mean_cits': [6.726969900841578, 6.992657074645875, 6.953807044382116, 6.975256144419145, 7.155030135723354, 6.711677676431951, 6.8876985807650435, 6.9461059794526685, 6.940795402405806, 6.815904750313595], 'mean_waste': [0.203, 0.213, 0.21, 0.213, 0.224, 0.214, 0.202, 0.223, 0.211, 0.221]}, 0.8: {'mean_ites': [3614.0096094632167, 3550.6062402880893, 3574.622974414877, 3604.6203035242256, 3590.7862877397715, 3533.9372004995594, 3613.0931376826406, 3405.6457359649303, 3684.6193003353237, 3653.824324648438], 'mean_ranks': [7.156077348066298, 7.2217573221757325, 7.379457917261056, 7.102240896358543, 6.845827439886846, 7.164992826398852, 7.102777777777778, 7.894594594594595, 7.076071922544951, 6.844011142061281], 'mean_cits': [7.561962957114236, 7.765050224911297, 7.879876892815626, 7.627915742364114, 7.642860521210287, 8.026736033458908, 7.581340651581598, 7.494562210770279, 7.412371410617037, 7.540974085398451], 'mean_waste': [0.276, 0.283, 0.299, 0.286, 0.293, 0.303, 0.28, 0.26, 0.277, 0.282]}, 0.9: {'mean_ites': [3376.11305521408, 3448.3612880760584, 3539.2411177493705, 3588.7457784043268, 3518.617388660443, 3596.439716252841, 3470.388284891517, 3644.2381188490986, 3398.1044076608923, 3655.102363580555], 'mean_ranks': [7.849604221635884, 8.00260078023407, 7.46524064171123, 7.484522207267833, 7.761455525606469, 7.4587765957446805, 7.923884514435696, 6.640268456375839, 7.554973821989528, 6.940217391304348], 'mean_cits': [7.41145566491316, 7.227261463986141, 7.2579839946680496, 7.3856132694757894, 7.51180889958195, 7.236072670467383, 7.272550714565665, 7.149923221017221, 7.20654640803566, 7.3231278838147755], 'mean_waste': [0.242, 0.231, 0.252, 0.257, 0.258, 0.248, 0.238, 0.255, 0.236, 0.264]}, 1.1: {'mean_ites': [3564.549702305375, 3548.9871786153917, 3517.204261796454, 3541.246350759832, 3445.01686125954, 3559.0530923630954, 3577.439757988173, 3494.3020626573634, 3550.5424847734225, 3508.323911548781], 'mean_ranks': [7.726723095525998, 7.667910447761194, 8.125452352231605, 7.567272727272727, 8.355529131985731, 7.613608748481166, 7.291666666666667, 7.87409200968523, 8.121103117505996, 8.173652694610778], 'mean_cits': [6.375348388122747, 6.615647186946618, 6.427519709301578, 6.370242725354029, 6.386982325750435, 6.401030011537374, 6.468818161242099, 6.437042611769515, 6.358803998162178, 6.289231273182773], 'mean_waste': [0.173, 0.196, 0.171, 0.175, 0.159, 0.177, 0.184, 0.174, 0.166, 0.165]}, 1.2: {'mean_ites': [3656.299804478413, 3530.762005714693, 3527.4675723060936, 3481.8035964317405, 3424.06819791614, 3485.2556543469796, 3436.2288813385885, 3522.321265638916, 3624.0943692828546, 3636.128361818266], 'mean_ranks': [7.576878612716763, 8.312572087658593, 7.685290763968073, 8.135476463834673, 7.9988399071925755, 8.035128805620609, 8.085846867749419, 7.987442922374429, 7.824682814302191, 8.09953161592506], 'mean_cits': [5.771563625614956, 6.001163871959767, 5.687727523768321, 5.963894365696245, 5.992646511081899, 6.1627580752675994, 6.045064875360858, 5.8595553272374605, 5.871177486317664, 6.037199775300549], 'mean_waste': [0.135, 0.133, 0.123, 0.129, 0.138, 0.146, 0.138, 0.124, 0.133, 0.146]}}}


